x, y
50000,36.19671
100000,59.84664
150000,84.54204
200000,107.03921
250000,132.44271
300000,156.00681
350000,180.72724
400000,204.37121
450000,226.98045
500000,249.83883
550000,272.88318
600000,297.16849
650000,321.49076
700000,345.64614
750000,369.07673
800000,394.11902
850000,418.43057
900000,441.57147
950000,466.20965
1000000,491.26387
1050000,512.83479
1100000,540.10391
1150000,560.16803
1200000,589.36238
1250000,629.60148
1300000,648.18144
1350000,669.7309
1400000,704.75698
1450000,745.18919
1500000,758.11505
1550000,814.07785
1600000,817.43956
1650000,851.57156
1700000,864.46524
1750000,913.86795
1800000,982.9092
1850000,1033.47898
1900000,1079.92768
1950000,1136.19566
2000000,1193.59374
2050000,1161.18073
2100000,1205.00803
2150000,1263.48615
2200000,1308.60925
2250000,1351.91321
2300000,1377.20942
2350000,1415.31587
2400000,1427.96397
2450000,1481.40669
2500000,1494.66753
2550000,1535.52771
2600000,1558.03084
2650000,1571.92945
2700000,1629.107
2750000,1651.07012
2800000,1688.36713
2850000,1719.20896
2900000,1765.41686
2950000,1787.9653
3000000,1828.2795
